E1: 139.38369352587222
E2m: 168.92175359506655
E2p: 149.7326605113095
E3m: 408.47208166154815
E3p: 169.2593945438946
E3p3: 89.12
E4: 48.719286202109586
E5: 103.64020830153684
E6: 100.13605242896487
E7: 235.08720875222272
a: -3.3081513164705907
b: -2.343073033119384
c: 0.20936378649819626
logA1: 14.663508619315724
logA2m: 6.042528788135728
logA2p: 9.376666725024226
logA3m: 29.521677145074143
logA4: 6.66100786279132
logA5: 17.98423085792647
logA6: 6.918846607515838
logA7: 16.519287553965214
logC3pA3p: 23.19149501625253
r: 0.8031088205463011
s: 1.0
